{
 "cells": [
  {
   "cell_type": "code",
   "execution_count": 1,
   "id": "resident-enterprise",
   "metadata": {},
   "outputs": [],
   "source": [
    "import numpy as np\n",
    "import pandas as pd\n",
    "import matplotlib.pyplot as plt\n",
    "import seaborn as sns\n",
    "import statsmodels.api as sm\n",
    "from sklearn.preprocessing import StandardScaler\n",
    "from scipy.stats import f\n",
    "%matplotlib inline"
   ]
  },
  {
   "cell_type": "code",
   "execution_count": 2,
   "id": "technical-seventh",
   "metadata": {},
   "outputs": [
    {
     "data": {
      "text/plain": [
       "'0.12.1'"
      ]
     },
     "execution_count": 2,
     "metadata": {},
     "output_type": "execute_result"
    }
   ],
   "source": [
    "sm.__version__"
   ]
  },
  {
   "cell_type": "code",
   "execution_count": 3,
   "id": "atomic-keyboard",
   "metadata": {},
   "outputs": [
    {
     "data": {
      "text/html": [
       "<div>\n",
       "<style scoped>\n",
       "    .dataframe tbody tr th:only-of-type {\n",
       "        vertical-align: middle;\n",
       "    }\n",
       "\n",
       "    .dataframe tbody tr th {\n",
       "        vertical-align: top;\n",
       "    }\n",
       "\n",
       "    .dataframe thead th {\n",
       "        text-align: right;\n",
       "    }\n",
       "</style>\n",
       "<table border=\"1\" class=\"dataframe\">\n",
       "  <thead>\n",
       "    <tr style=\"text-align: right;\">\n",
       "      <th></th>\n",
       "      <th>Unnamed: 0</th>\n",
       "      <th>lcavol</th>\n",
       "      <th>lweight</th>\n",
       "      <th>age</th>\n",
       "      <th>lbph</th>\n",
       "      <th>svi</th>\n",
       "      <th>lcp</th>\n",
       "      <th>gleason</th>\n",
       "      <th>pgg45</th>\n",
       "      <th>lpsa</th>\n",
       "      <th>train</th>\n",
       "    </tr>\n",
       "  </thead>\n",
       "  <tbody>\n",
       "    <tr>\n",
       "      <th>0</th>\n",
       "      <td>1</td>\n",
       "      <td>-0.579818</td>\n",
       "      <td>2.769459</td>\n",
       "      <td>50</td>\n",
       "      <td>-1.386294</td>\n",
       "      <td>0</td>\n",
       "      <td>-1.386294</td>\n",
       "      <td>6</td>\n",
       "      <td>0</td>\n",
       "      <td>-0.430783</td>\n",
       "      <td>T</td>\n",
       "    </tr>\n",
       "    <tr>\n",
       "      <th>1</th>\n",
       "      <td>2</td>\n",
       "      <td>-0.994252</td>\n",
       "      <td>3.319626</td>\n",
       "      <td>58</td>\n",
       "      <td>-1.386294</td>\n",
       "      <td>0</td>\n",
       "      <td>-1.386294</td>\n",
       "      <td>6</td>\n",
       "      <td>0</td>\n",
       "      <td>-0.162519</td>\n",
       "      <td>T</td>\n",
       "    </tr>\n",
       "    <tr>\n",
       "      <th>2</th>\n",
       "      <td>3</td>\n",
       "      <td>-0.510826</td>\n",
       "      <td>2.691243</td>\n",
       "      <td>74</td>\n",
       "      <td>-1.386294</td>\n",
       "      <td>0</td>\n",
       "      <td>-1.386294</td>\n",
       "      <td>7</td>\n",
       "      <td>20</td>\n",
       "      <td>-0.162519</td>\n",
       "      <td>T</td>\n",
       "    </tr>\n",
       "    <tr>\n",
       "      <th>3</th>\n",
       "      <td>4</td>\n",
       "      <td>-1.203973</td>\n",
       "      <td>3.282789</td>\n",
       "      <td>58</td>\n",
       "      <td>-1.386294</td>\n",
       "      <td>0</td>\n",
       "      <td>-1.386294</td>\n",
       "      <td>6</td>\n",
       "      <td>0</td>\n",
       "      <td>-0.162519</td>\n",
       "      <td>T</td>\n",
       "    </tr>\n",
       "    <tr>\n",
       "      <th>4</th>\n",
       "      <td>5</td>\n",
       "      <td>0.751416</td>\n",
       "      <td>3.432373</td>\n",
       "      <td>62</td>\n",
       "      <td>-1.386294</td>\n",
       "      <td>0</td>\n",
       "      <td>-1.386294</td>\n",
       "      <td>6</td>\n",
       "      <td>0</td>\n",
       "      <td>0.371564</td>\n",
       "      <td>T</td>\n",
       "    </tr>\n",
       "  </tbody>\n",
       "</table>\n",
       "</div>"
      ],
      "text/plain": [
       "   Unnamed: 0    lcavol   lweight  age      lbph  svi       lcp  gleason  \\\n",
       "0           1 -0.579818  2.769459   50 -1.386294    0 -1.386294        6   \n",
       "1           2 -0.994252  3.319626   58 -1.386294    0 -1.386294        6   \n",
       "2           3 -0.510826  2.691243   74 -1.386294    0 -1.386294        7   \n",
       "3           4 -1.203973  3.282789   58 -1.386294    0 -1.386294        6   \n",
       "4           5  0.751416  3.432373   62 -1.386294    0 -1.386294        6   \n",
       "\n",
       "   pgg45      lpsa train  \n",
       "0      0 -0.430783     T  \n",
       "1      0 -0.162519     T  \n",
       "2     20 -0.162519     T  \n",
       "3      0 -0.162519     T  \n",
       "4      0  0.371564     T  "
      ]
     },
     "execution_count": 3,
     "metadata": {},
     "output_type": "execute_result"
    }
   ],
   "source": [
    "df = pd.read_csv('https://web.stanford.edu/~hastie/ElemStatLearn/datasets/prostate.data',sep='\\t')\n",
    "df.head()"
   ]
  },
  {
   "cell_type": "code",
   "execution_count": 4,
   "id": "developmental-bradford",
   "metadata": {},
   "outputs": [
    {
     "data": {
      "text/html": [
       "<div>\n",
       "<style scoped>\n",
       "    .dataframe tbody tr th:only-of-type {\n",
       "        vertical-align: middle;\n",
       "    }\n",
       "\n",
       "    .dataframe tbody tr th {\n",
       "        vertical-align: top;\n",
       "    }\n",
       "\n",
       "    .dataframe thead th {\n",
       "        text-align: right;\n",
       "    }\n",
       "</style>\n",
       "<table border=\"1\" class=\"dataframe\">\n",
       "  <thead>\n",
       "    <tr style=\"text-align: right;\">\n",
       "      <th></th>\n",
       "      <th>lcavol</th>\n",
       "      <th>lweight</th>\n",
       "      <th>age</th>\n",
       "      <th>lbph</th>\n",
       "      <th>svi</th>\n",
       "      <th>lcp</th>\n",
       "      <th>gleason</th>\n",
       "      <th>pgg45</th>\n",
       "    </tr>\n",
       "  </thead>\n",
       "  <tbody>\n",
       "    <tr>\n",
       "      <th>lcavol</th>\n",
       "      <td>1.000000</td>\n",
       "      <td>0.300232</td>\n",
       "      <td>0.286324</td>\n",
       "      <td>0.063168</td>\n",
       "      <td>0.592949</td>\n",
       "      <td>0.692043</td>\n",
       "      <td>0.426414</td>\n",
       "      <td>0.483161</td>\n",
       "    </tr>\n",
       "    <tr>\n",
       "      <th>lweight</th>\n",
       "      <td>0.300232</td>\n",
       "      <td>1.000000</td>\n",
       "      <td>0.316723</td>\n",
       "      <td>0.437042</td>\n",
       "      <td>0.181054</td>\n",
       "      <td>0.156829</td>\n",
       "      <td>0.023558</td>\n",
       "      <td>0.074166</td>\n",
       "    </tr>\n",
       "    <tr>\n",
       "      <th>age</th>\n",
       "      <td>0.286324</td>\n",
       "      <td>0.316723</td>\n",
       "      <td>1.000000</td>\n",
       "      <td>0.287346</td>\n",
       "      <td>0.128902</td>\n",
       "      <td>0.172951</td>\n",
       "      <td>0.365915</td>\n",
       "      <td>0.275806</td>\n",
       "    </tr>\n",
       "    <tr>\n",
       "      <th>lbph</th>\n",
       "      <td>0.063168</td>\n",
       "      <td>0.437042</td>\n",
       "      <td>0.287346</td>\n",
       "      <td>1.000000</td>\n",
       "      <td>-0.139147</td>\n",
       "      <td>-0.088535</td>\n",
       "      <td>0.032992</td>\n",
       "      <td>-0.030404</td>\n",
       "    </tr>\n",
       "    <tr>\n",
       "      <th>svi</th>\n",
       "      <td>0.592949</td>\n",
       "      <td>0.181054</td>\n",
       "      <td>0.128902</td>\n",
       "      <td>-0.139147</td>\n",
       "      <td>1.000000</td>\n",
       "      <td>0.671240</td>\n",
       "      <td>0.306875</td>\n",
       "      <td>0.481358</td>\n",
       "    </tr>\n",
       "    <tr>\n",
       "      <th>lcp</th>\n",
       "      <td>0.692043</td>\n",
       "      <td>0.156829</td>\n",
       "      <td>0.172951</td>\n",
       "      <td>-0.088535</td>\n",
       "      <td>0.671240</td>\n",
       "      <td>1.000000</td>\n",
       "      <td>0.476437</td>\n",
       "      <td>0.662533</td>\n",
       "    </tr>\n",
       "    <tr>\n",
       "      <th>gleason</th>\n",
       "      <td>0.426414</td>\n",
       "      <td>0.023558</td>\n",
       "      <td>0.365915</td>\n",
       "      <td>0.032992</td>\n",
       "      <td>0.306875</td>\n",
       "      <td>0.476437</td>\n",
       "      <td>1.000000</td>\n",
       "      <td>0.757056</td>\n",
       "    </tr>\n",
       "    <tr>\n",
       "      <th>pgg45</th>\n",
       "      <td>0.483161</td>\n",
       "      <td>0.074166</td>\n",
       "      <td>0.275806</td>\n",
       "      <td>-0.030404</td>\n",
       "      <td>0.481358</td>\n",
       "      <td>0.662533</td>\n",
       "      <td>0.757056</td>\n",
       "      <td>1.000000</td>\n",
       "    </tr>\n",
       "  </tbody>\n",
       "</table>\n",
       "</div>"
      ],
      "text/plain": [
       "           lcavol   lweight       age      lbph       svi       lcp   gleason  \\\n",
       "lcavol   1.000000  0.300232  0.286324  0.063168  0.592949  0.692043  0.426414   \n",
       "lweight  0.300232  1.000000  0.316723  0.437042  0.181054  0.156829  0.023558   \n",
       "age      0.286324  0.316723  1.000000  0.287346  0.128902  0.172951  0.365915   \n",
       "lbph     0.063168  0.437042  0.287346  1.000000 -0.139147 -0.088535  0.032992   \n",
       "svi      0.592949  0.181054  0.128902 -0.139147  1.000000  0.671240  0.306875   \n",
       "lcp      0.692043  0.156829  0.172951 -0.088535  0.671240  1.000000  0.476437   \n",
       "gleason  0.426414  0.023558  0.365915  0.032992  0.306875  0.476437  1.000000   \n",
       "pgg45    0.483161  0.074166  0.275806 -0.030404  0.481358  0.662533  0.757056   \n",
       "\n",
       "            pgg45  \n",
       "lcavol   0.483161  \n",
       "lweight  0.074166  \n",
       "age      0.275806  \n",
       "lbph    -0.030404  \n",
       "svi      0.481358  \n",
       "lcp      0.662533  \n",
       "gleason  0.757056  \n",
       "pgg45    1.000000  "
      ]
     },
     "metadata": {},
     "output_type": "display_data"
    },
    {
     "name": "stdout",
     "output_type": "stream",
     "text": [
      "['lcavol', 'lweight', 'lbph', 'svi']\n"
     ]
    }
   ],
   "source": [
    "df_to_work= df[df.train=='T'].copy()\n",
    "cols_to_select = ['lcavol','lweight','age','lbph','svi','lcp','gleason','pgg45']\n",
    "X_train = df_to_work.loc[:,cols_to_select]\n",
    "Y_train = df[df.train=='T'].loc[:,['lpsa']].copy()\n",
    "Y_train.reset_index(drop=True,inplace=True)\n",
    "display(X_train.corr())\n",
    "scaler = StandardScaler()\n",
    "X_transformed = pd.DataFrame(scaler.fit_transform(X_train),columns=cols_to_select)\n",
    "X_transformed = sm.add_constant(X_transformed)\n",
    "model = sm.OLS(Y_train,X_transformed)\n",
    "results = model.fit()\n",
    "rss1 = results.ssr\n",
    "updated_cols_to_select = list(results.pvalues[results.pvalues < 0.05].index)\n",
    "updated_cols_to_select.remove('const')\n",
    "print(updated_cols_to_select)"
   ]
  },
  {
   "cell_type": "code",
   "execution_count": 5,
   "id": "preceding-rotation",
   "metadata": {},
   "outputs": [
    {
     "data": {
      "text/html": [
       "<div>\n",
       "<style scoped>\n",
       "    .dataframe tbody tr th:only-of-type {\n",
       "        vertical-align: middle;\n",
       "    }\n",
       "\n",
       "    .dataframe tbody tr th {\n",
       "        vertical-align: top;\n",
       "    }\n",
       "\n",
       "    .dataframe thead th {\n",
       "        text-align: right;\n",
       "    }\n",
       "</style>\n",
       "<table border=\"1\" class=\"dataframe\">\n",
       "  <thead>\n",
       "    <tr style=\"text-align: right;\">\n",
       "      <th></th>\n",
       "      <th>lcavol</th>\n",
       "      <th>lweight</th>\n",
       "      <th>lbph</th>\n",
       "      <th>svi</th>\n",
       "    </tr>\n",
       "  </thead>\n",
       "  <tbody>\n",
       "    <tr>\n",
       "      <th>lcavol</th>\n",
       "      <td>1.000000</td>\n",
       "      <td>0.300232</td>\n",
       "      <td>0.063168</td>\n",
       "      <td>0.592949</td>\n",
       "    </tr>\n",
       "    <tr>\n",
       "      <th>lweight</th>\n",
       "      <td>0.300232</td>\n",
       "      <td>1.000000</td>\n",
       "      <td>0.437042</td>\n",
       "      <td>0.181054</td>\n",
       "    </tr>\n",
       "    <tr>\n",
       "      <th>lbph</th>\n",
       "      <td>0.063168</td>\n",
       "      <td>0.437042</td>\n",
       "      <td>1.000000</td>\n",
       "      <td>-0.139147</td>\n",
       "    </tr>\n",
       "    <tr>\n",
       "      <th>svi</th>\n",
       "      <td>0.592949</td>\n",
       "      <td>0.181054</td>\n",
       "      <td>-0.139147</td>\n",
       "      <td>1.000000</td>\n",
       "    </tr>\n",
       "  </tbody>\n",
       "</table>\n",
       "</div>"
      ],
      "text/plain": [
       "           lcavol   lweight      lbph       svi\n",
       "lcavol   1.000000  0.300232  0.063168  0.592949\n",
       "lweight  0.300232  1.000000  0.437042  0.181054\n",
       "lbph     0.063168  0.437042  1.000000 -0.139147\n",
       "svi      0.592949  0.181054 -0.139147  1.000000"
      ]
     },
     "metadata": {},
     "output_type": "display_data"
    },
    {
     "data": {
      "text/plain": [
       "32.81499474881555"
      ]
     },
     "execution_count": 5,
     "metadata": {},
     "output_type": "execute_result"
    }
   ],
   "source": [
    "df_to_work= df[df.train=='T'].copy()\n",
    "X_train = df_to_work.loc[:,updated_cols_to_select]\n",
    "Y_train = df[df.train=='T'].loc[:,['lpsa']].copy()\n",
    "Y_train.reset_index(drop=True,inplace=True)\n",
    "display(X_train.corr())\n",
    "scaler = StandardScaler()\n",
    "X_transformed = pd.DataFrame(scaler.fit_transform(X_train),columns=updated_cols_to_select)\n",
    "X_transformed = sm.add_constant(X_transformed)\n",
    "model = sm.OLS(Y_train,X_transformed)\n",
    "results = model.fit()\n",
    "rss0 = results.ssr\n",
    "rss0"
   ]
  },
  {
   "cell_type": "code",
   "execution_count": 17,
   "id": "specific-moses",
   "metadata": {},
   "outputs": [
    {
     "data": {
      "text/plain": [
       "pandas.core.series.Series"
      ]
     },
     "execution_count": 17,
     "metadata": {},
     "output_type": "execute_result"
    }
   ],
   "source": [
    "type(results.params)"
   ]
  },
  {
   "cell_type": "code",
   "execution_count": 7,
   "id": "complete-daisy",
   "metadata": {},
   "outputs": [
    {
     "name": "stdout",
     "output_type": "stream",
     "text": [
      "CPU times: user 864 µs, sys: 34 µs, total: 898 µs\n",
      "Wall time: 148 µs\n"
     ]
    },
    {
     "data": {
      "text/plain": [
       "152.31269099964987"
      ]
     },
     "execution_count": 7,
     "metadata": {},
     "output_type": "execute_result"
    }
   ],
   "source": [
    "%%time\n",
    "results.aic"
   ]
  },
  {
   "cell_type": "code",
   "execution_count": 9,
   "id": "specific-preparation",
   "metadata": {},
   "outputs": [
    {
     "name": "stdout",
     "output_type": "stream",
     "text": [
      "CPU times: user 832 ms, sys: 12.6 ms, total: 845 ms\n",
      "Wall time: 10.3 s\n"
     ]
    },
    {
     "data": {
      "text/plain": [
       "325081"
      ]
     },
     "execution_count": 9,
     "metadata": {},
     "output_type": "execute_result"
    }
   ],
   "source": [
    "%%time\n",
    "f(test_list)"
   ]
  }
 ],
 "metadata": {
  "kernelspec": {
   "display_name": "Python 3",
   "language": "python",
   "name": "python3"
  },
  "language_info": {
   "codemirror_mode": {
    "name": "ipython",
    "version": 3
   },
   "file_extension": ".py",
   "mimetype": "text/x-python",
   "name": "python",
   "nbconvert_exporter": "python",
   "pygments_lexer": "ipython3",
   "version": "3.8.2"
  }
 },
 "nbformat": 4,
 "nbformat_minor": 5
}
